0.000000 
0.000000 
0.000000 
0.000000 
0.000000 
0.000000 
0.000000 
0.000000 
0.000000 
0.000000 
0.000000 
0.000000 
0.000000 
0.000000 
0.000000 
0.000000 
0.000000 
0.000000 
0.000000 
0.000000 
0.000000 
0.000000 
0.000000 
0.000000 
0.000000 
0.000000 
0.000000 
0.000000 
0.000000 
0.000000 
0.000000 
0.000000 
0.000000 
0.000000 
0.000000 
0.000000 
0.000000 
0.000000 
0.000000 
0.000000 
0.000000 
0.000000 
0.000000 
0.000000 
0.000000 
0.000000 
0.000000 
0.000000 
0.000000 
0.000000 
0.000000 
0.000000 
0.000000 
0.000000 
0.000000 
0.000000 
0.000000 
0.000000 
0.000000 
0.000000 
0.000000 
0.000000 
0.000000 
0.000000 
0.000000 
0.000000 
0.000000 
0.000000 
0.000000 
0.000000 
0.000000 
0.000000 
0.000000 
0.000000 
0.000000 
0.000000 
0.000000 
0.000000 
0.000000 
0.000000 
0.000000 
0.000000 
0.000000 
0.000000 
0.000000 
0.000000 
0.000000 
0.000000 
0.000000 
0.000000 
0.000000 
0.000000 
0.000000 
0.000000 
0.000000 
0.000000 
0.000000 
0.000000 
0.000000 
0.000000 
0.000000 
0.000000 
0.000000 
0.000000 
0.000000 
0.000000 
0.000000 
0.000000 
0.000000 
0.000000 
0.000000 
0.000000 
0.000000 
0.000000 
0.000000 
0.000000 
0.000000 
0.000000 
0.000000 
0.000000 
0.000000 
0.000000 
0.000000 
0.000000 
0.000000 
0.000000 
0.000000 
0.000000 
0.000000 
0.000000 
0.000000 
0.000000 
0.000000 
0.000000 
0.000000 
0.000000 
0.000000 
0.000000 
0.000000 
0.000000 
0.000000 
0.000000 
0.000000 
0.000000 
0.000000 
0.000000 
0.000000 
0.000000 
0.000000 
0.000000 
0.000000 
0.000000 
0.000000 
0.000000 
0.000000 
0.000000 
0.000000 
0.000000 
0.000000 
0.000000 
0.000000 
0.000000 
0.000000 
0.000000 
0.000000 
0.000000 
0.000000 
0.000000 
0.000000 
0.000000 
0.000000 
0.000000 
0.000000 
0.000000 
0.000000 
0.000000 
0.000000 
0.000000 
0.000000 
0.000000 
0.000000 
0.000000 
0.000000 
0.000000 
0.000000 
0.000000 
0.000000 
0.000000 
0.000000 
0.000000 
0.000000 
0.000000 
0.000000 
0.000000 
0.000000 
0.000000 
0.000000 
0.000000 
0.000000 
0.000000 
0.000000 
0.000000 
0.000000 
0.000000 
0.000000 
0.000000 
0.000000 
0.000000 
0.000000 
0.000000 
0.000000 
0.000000 
0.000000 
0.000000 
0.000000 
0.000000 
0.000000 
0.000000 
0.000000 
0.000000 
0.000000 
0.000000 
0.000000 
0.000000 
0.000000 
0.000000 
0.000000 
0.000000 
0.000000 
0.000000 
0.000000 
0.000000 
0.000000 
0.000000 
0.000000 
0.000000 
0.000000 
0.000000 
0.000000 
0.000000 
0.000000 
0.000000 
0.000000 
0.000000 
0.000000 
0.000000 
0.000000 
0.000000 
0.000000 
0.000000 
0.000000 
0.000000 
0.000000 
0.000000 
0.000000 
0.000000 
0.000000 
0.000000 
0.000000 
0.000000 
0.000000 
0.000000 
0.000000 
0.000000 
0.000000 
0.000000 
0.000000 
0.000000 
0.000000 
0.000000 
0.000000 
0.000000 
0.000000 
0.000000 
0.000000 
0.000000 
0.000000 
0.000000 
0.000000 
0.000000 
0.000000 
0.000000 
0.000000 
0.000000 
0.000000 
0.000000 
0.000000 
0.000000 
0.000000 
0.000000 
0.000000 
0.000000 
0.000000 
0.000000 
0.000000 
0.000000 
0.000000 
0.000000 
0.000000 
0.000000 
0.000000 
0.000000 
0.000000 
0.000000 
0.000000 
0.000000 
0.000000 
0.000000 
0.000000 
0.000000 
0.000000 
0.000000 
0.000000 
0.000000 
0.000000 
0.000000 
0.000000 
0.000000 
0.000000 
0.000000 
0.000000 
0.000000 
0.000000 
0.000000 
0.000000 
0.000000 
0.000000 
0.000000 
0.000000 
0.000000 
0.000000 
0.000000 
0.000000 
0.000000 
0.000000 
0.000000 
0.000000 
0.000000 
0.000000 
0.000000 
0.000000 
0.000000 
0.000000 
0.000000 
0.000000 
0.000000 
0.000000 
0.000000 
0.000000 
0.000000 
0.000000 
0.000000 
0.000000 
0.000000 
0.000000 
0.000000 
0.000000 
0.000000 
0.000000 
0.000000 
0.000000 
0.000000 
0.000000 
0.000000 
0.000000 
0.000000 
0.000000 
0.000000 
0.000000 
0.000000 
0.000000 
0.000000 
0.000000 
0.000000 
0.000000 
0.000000 
0.000000 
0.000000 
0.000000 
0.000000 
0.000000 
0.000000 
0.000000 
0.000000 
0.000000 
0.000000 
0.000000 
0.000000 
0.000000 
0.000000 
0.000000 
0.000000 
0.000000 
0.000000 
0.000000 
0.000000 
0.000000 
0.000000 
0.000000 
0.000000 
0.000000 
0.000000 
0.000000 
0.000000 
0.000000 
0.000000 
0.000000 
0.000000 
0.000000 
0.000000 
0.000000 
0.000000 
0.000000 
0.000000 
0.000000 
0.000000 
0.000000 
0.000000 
0.000000 
0.000000 
0.000000 
0.000000 
0.000000 
0.000000 
0.000000 
0.000000 
0.000000 
0.000000 
0.000000 
0.000000 
0.000000 
0.000000 
0.000000 
0.000000 
0.000000 
0.000000 
0.000000 
0.000000 
0.000000 
0.000000 
0.000000 
0.000000 
0.000000 
0.000000 
0.000000 
0.000000 
0.000000 
0.000000 
0.000000 
0.000000 
0.000000 
0.000000 
0.000000 
0.000000 
0.000000 
0.000000 
0.000000 
0.000000 
0.000000 
0.000000 
0.000000 
0.000000 
0.000000 
0.000000 
0.000000 
0.000000 
0.000000 
0.000000 
0.000000 
0.000000 
0.000000 
0.000000 
0.000000 
0.000000 
0.000000 
0.000000 
0.000000 
0.000000 
0.000000 
0.000000 
0.000000 
0.000000 
0.000000 
0.000000 
0.000000 
0.000000 
0.000000 
0.000000 
0.000000 
0.000000 
0.000000 
0.000000 
0.000000 
0.000000 
0.000000 
0.000000 
0.000000 
0.000000 
0.000000 
0.000000 
0.000000 
0.000000 
0.000000 
0.000000 
0.000000 
0.000000 
0.000000 
0.000000 
0.000000 
0.000000 
0.000000 
0.000000 
0.007418 
0.007793 
0.007902 
0.007255 
0.007350 
0.007588 
0.006551 
0.007585 
0.007608 
0.006159 
0.006647 
0.007155 
0.007580 
0.006856 
0.006314 
0.006818 
0.006468 
0.006252 
0.006578 
0.005925 
0.006011 
0.005596 
0.005426 
0.005058 
0.005780 
0.005018 
0.005787 
0.004515 
0.004349 
0.004445 
0.003979 
0.004159 
0.003432 
0.003544 
0.003022 
0.003480 
0.003258 
0.003397 
0.003039 
0.003483 
0.003276 
0.002892 
0.003120 
0.002608 
0.002970 
0.003440 
0.003021 
0.002856 
0.003099 
0.003862 
0.002668 
0.002301 
0.002740 
0.002442 
0.002691 
0.002428 
0.002365 
0.002346 
0.001786 
0.002119 
0.001699 
0.001989 
0.001785 
0.001559 
0.001446 
0.000862 
0.001846 
0.001647 
0.002053 
0.001969 
0.002351 
0.001585 
0.001583 
0.002122 
0.002929 
0.001822 
0.003734 
0.002685 
0.004244 
0.003137 
0.003664 
0.003107 
0.004382 
0.004535 
0.003965 
0.004627 
0.003928 
0.004890 
0.004284 
0.004782 
0.005455 
0.005195 
0.004790 
0.004612 
0.004478 
0.005163 
0.005192 
0.004812 
0.004835 
0.004186 
0.005025 
0.005556 
0.004936 
0.004609 
0.005077 
0.005008 
0.004913 
0.005277 
0.006031 
0.006155 
0.005324 
0.005882 
0.005991 
0.006416 
0.006004 
0.005311 
0.005988 
0.005872 
0.006720 
0.006377 
0.006176 
0.006625 
0.006050 
0.006209 
0.006715 
0.006951 
0.006607 
0.006194 
0.006504 
0.006051 
0.006636 
0.007116 
0.006680 
0.007326 
0.006876 
0.006996 
0.007345 
0.007805 
0.007880 
0.007328 
0.008256 
0.008044 
0.008545 
0.008279 
0.008200 
0.008137 
0.008129 
0.007615 
0.007158 
0.007877 
0.007425 
0.007341 
0.006974 
0.006743 
0.008067 
0.006776 
0.007457 
0.007603 
0.007029 
0.007674 
0.007730 
0.006458 
0.007167 
0.008136 
0.007115 
0.007426 
0.007833 
0.007192 
0.007935 
0.006957 
0.007208 
0.006714 
0.006792 
0.006416 
0.006492 
0.006942 
0.006304 
0.006387 
0.007364 
0.006987 
0.007204 
0.006888 
0.006675 
0.006556 
0.007553 
0.006903 
0.007540 
0.007238 
0.008326 
0.007884 
0.006757 
0.007077 
0.007346 
0.006935 
0.007765 
0.007089 
0.007996 
0.007596 
0.006845 
0.007646 
0.006226 
0.008029 
0.007432 
0.006564 
0.007487 
0.007150 
0.007513 
0.006882 
0.006935 
0.007508 
0.006805 
0.007197 
0.005952 
0.006740 
0.006925 
0.006717 
0.007494 
0.006564 
0.006630 
0.005957 
0.006487 
0.006727 
0.006657 
0.006498 
0.006452 
0.005767 
0.006245 
0.006745 
0.006106 
0.006169 
0.006539 
0.006279 
0.006166 
0.005987 
0.006663 
0.006228 
0.006203 
0.006098 
0.006181 
0.006851 
0.006593 
0.006785 
0.005845 
0.006183 
0.005836 
0.005770 
0.005809 
0.005988 
0.005263 
0.004750 
0.005064 
0.005730 
0.005589 
0.005128 
0.004708 
0.005257 
0.005099 
0.004879 
0.004697 
0.004326 
0.004730 
0.004053 
0.004222 
0.005180 
0.004117 
0.004609 
0.003932 
0.003442 
0.003664 
0.003469 
0.004980 
0.004053 
0.004862 
0.004543 
0.004664 
0.003827 
0.004335 
0.004353 
0.004193 
0.003532 
0.003894 
0.003982 
0.003842 
0.003027 
0.004024 
0.003763 
0.003332 
0.003802 
0.003529 
0.002775 
0.003155 
0.002929 
0.002844 
0.002999 
0.003590 
0.002546 
0.001600 
0.001438 
0.001796 
0.002163 
0.002029 
0.001843 
0.002006 
0.001459 
0.002225 
0.002168 
0.001789 
0.001849 
0.001531 
0.000941 
0.002530 
0.001369 
0.001416 
0.001493 
0.001599 
0.001296 
0.001378 
0.001412 
0.001689 
0.001986 
0.001325 
0.000660 
0.000783 
0.000352 
0.000571 
0.000593 
0.000735 
0.000190 
0.001333 
0.000279 
0.000495 
0.000813 
0.000461 
0.000556 
0.000584 
0.000321 
0.000452 
-0.000096 
0.000242 
0.000395 
0.000538 
-0.000067 
0.000467 
0.000790 
-0.000436 
-0.000566 
-0.000121 
0.000446 
0.000716 
0.000248 
-0.000253 
0.000596 
0.000630 
-0.000196 
0.000424 
0.000558 
0.000103 
0.000231 
0.000865 
-0.000389 
-0.000583 
-0.000319 
-0.000789 
-0.001254 
-0.000361 
-0.000167 
-0.000973 
-0.000694 
-0.000809 
-0.000775 
-0.000878 
-0.001334 
-0.002015 
-0.001569 
-0.001550 
-0.002400 
-0.001831 
-0.003153 
-0.002068 
-0.002658 
-0.001426 
-0.002368 
-0.002156 
-0.002368 
-0.003125 
-0.002205 
-0.002706 
-0.002486 
-0.002649 
-0.002959 
-0.003221 
-0.002718 
-0.003342 
-0.003018 
-0.003067 
-0.003340 
-0.003416 
-0.004333 
-0.003496 
-0.003827 
-0.004048 
-0.004045 
-0.003836 
-0.004333 
-0.005594 
-0.004879 
-0.004701 
-0.004568 
-0.005212 
-0.005348 
-0.006042 
-0.005010 
-0.005479 
-0.006221 
-0.005662 
-0.005914 
-0.005292 
-0.006548 
-0.006625 
-0.006832 
-0.006354 
-0.007264 
-0.006866 
-0.007578 
-0.005734 
-0.006444 
-0.006897 
-0.006334 
-0.007051 
-0.006625 
-0.007689 
-0.006964 
-0.007143 
-0.006764 
-0.007953 
-0.007654 
-0.007613 
-0.007733 
-0.008174 
-0.007985 
-0.007861 
-0.007625 
-0.007996 
-0.008361 
-0.008021 
-0.008392 
-0.008704 
-0.008116 
-0.008601 
-0.008409 
-0.008457 
-0.009673 
-0.008436 
-0.008657 
-0.009057 
-0.008850 
-0.009298 
-0.008722 
-0.009114 
-0.008971 
-0.009075 
-0.008341 
-0.008372 
-0.008616 
-0.008823 
-0.008879 
-0.009219 
-0.009793 
-0.009655 
-0.009312 
-0.009627 
-0.009985 
-0.010152 
-0.010896 
-0.009276 
-0.010260 
-0.009576 
-0.009820 
-0.010200 
-0.009923 
-0.010048 
-0.010641 
-0.009942 
-0.009784 
-0.010619 
-0.010673 
-0.010525 
-0.010381 
-0.010854 
-0.010228 
-0.010310 
-0.010062 
-0.009838 
-0.009914 
-0.010136 
-0.010755 
-0.010192 
-0.011133 
-0.010845 
-0.010579 
-0.009408 
-0.010675 
-0.010763 
-0.010737 
-0.010307 
-0.010421 
-0.010777 
-0.010836 
-0.011448 
-0.010739 
-0.010789 
-0.011705 
